1011010000001101010110010010011000000100000000011000000001010010
1011010000011101010111010010101000000100000000011100000001010010
1011011000011101010101010010101000000100010000011100000000010110
1011001000011101010101010011101000010110010000011100000100010110
1011001000011101010101010000111000011110010000011100010100010110
1011001010011101010101011100110000011110010000001100010100010110
1111001010011100010101111100110001011100010000001100010100010110
1111000010011101000101111100110001001100010000001100010100011110
1111000010011101000101111100110001001100110100001110010110011010
1111000010011101000101111100011001101100100100001010010110011010
1111000110010101000101111100011001101100100110001010010101011010
1111000110011101000111111100011001101100100010001110010101001010
1111000110011100000111111100011001101100000010011110010101010010
1111000110011100001111011100011001101100000010111101010101010010
1111010110011101001111011100111001101101000010111101000101010010
1111010110011101001111011100011001101101000010101101100100011010
1111010110001101001111011100011000001101000010101101101000011010
1111010110001100001111011101001000001100000010001101101000011010
1111010110001100000111011001000000001100000010011101101010011010
1111010110001100000011011001000000011101000010011101101100011010
1111010110001100000111011001100000011101000010011101110000011010
1111010110000100000111011001100000111111000010011110110000011010
1111011110100100000111011001110000111101000010011110100000011010
1110011110100100000111011001110000011101000010011110100000011110
1110011110100100000011011001110000011101010010010110100000011110
1110010110100100000011011001110000011001010010011110100000011110
1110010110010100000011011001110000011001010010011110010000011100
1100010110010100100011011001010000011101010010011110010010011100
1000010110010110100011011001010000010101010000011110010000011100
1000010110110110100001011001011000010101010000011110010010011000
1000010111010110100000011011011000010001010000011110010010011000
1100010111010111100000011011010000010001010000010110010011011000
1100110111010110100000011011010000010001010000010100010011011000
1100100111010110100000010011010001010001010000011100010011001000
1100100111010110100010110010011001010001011000011100010011001000
1100100111010100101011110010011000010001011100011100010011001000
1100100111010100100011110010011010000001010100011100010011000000
1100100111011100100011110010011010100001011000010100010011000000
1100100111011001100011110010011010101001011000010100010011000000
1100000111011001100011100010010010101001011000010100010011000000
1100000011010001100011100010010000101101011000010100010011010000
1100100011010001100011100010010000101101111000011100010011100000
1100100011010001100011100010010000101100111010010101110011100000
1101100011010001100011100010010000101100110010011101110011100000
1100101011010001100011110010010000101100110010011111110011100001
1100101011010001100011110010010000101000111010001111100010100001
1100101011010101100011110010110000001100111010001111100010110001
1100100011010100100011110110110000001100111010001011100011110001
1100100011010100100011110101110000011100111010001011101001110001
1100100011010100100011110101110000011100001010101011101001110001
1100100011010100100011111101110000010000001000101011101001110000
1100100011010100000111111101100000010010001010101011101001110000
1100100011011100000011111100100010010011001010101011101001110000
1000100011011100000011111100100011010011001010101011101100010000
1000100011011000000111111101100011010011101010101011101100011000
1000100010011100000111111101100011010011100010101011100100011100
1000110000001100000111111101100011010011100010101011100100011100
1000010000101100000111111101100001000011100110101011100100011100
1000010000111100000111111101100001000011110111100011100110011100
1010010000111100000111111001100001000011110101100111100110011000
1010010000111110010111111101100001000011110101100110100110011001
1010010000110110010011101101100001000011110101101110100111011001
1010010000100110010011101111100001000011111101101010100011011001
1010010000110110110011111111100001000011111100001010100011011001
1010000000110110110011101111100111000011111100001010100111011001
0110000000110110110011101111100111000011101100001010100101011000
0110100000110100110011101111100111000011101110001010100101011000
0110100000110110110011101111100111000011110110001010100101011000
0110100000111110110001101111100111000011110100001010101100011000
0110100001111100110001101111100111000011110100001010111000011100
0110100001111100110000101111100111000011100100001010111001011100
0010100001111100110001101111100111000011101100001010111001011100
0010100001101101110001101110000111000001101100001010111001011100
0010100001101101110001101110000111100011101100010000111001011100
0010100001100001110001101111000111100011101100010000111001010110
0010100000100001110001101111000010100111101100010000111001011110
1010100010100001110001101111000010100111101000010000111001011110
1010100110000001110001101111001010100111101000011000011001011110
1010100110000001100010101111001010100111101000011000011001011011
1011100100001001100011101111001011100111101000011000011001011011
1011100100000001100011101111011011000111101000011000010001011111
1011100100000101100011101111011011100111101000010000000001001111
0011000100000101100011101111011011100111101000110000100001001110
0001000100000100100111101111011010100111101000110000100000001110
0101010100000100100111101111011010100111100000100000000000001110
0101010100010000100111001111011110100111100000100000001000001110
0101010100011000100111001111010110000111101000100000101000001110
0001010100011000100111000111010010000111101000000000101000001111
0101010000011000100111000111000110000111101000000010101000001111
0101010000011000100100000110000111000110101000000010101000001111
0101010000011000100100000110000111000110101010000010001000001011
0101010000011001100100000010000111000110101010100010001010000011
1101010001111001100100000010000111000100101010100010101010000011
0111000001111001100100000000000111000100101010100010101010000111
0111000001111001100100010000000111000100101010100010111110000111
0111000011111001101101010000000111100100101010110010111110000111
0111100111101001101111010000000111100100111010110010111110000111
0111100111101001001111010000010111100100011010110010111110000111
0011100111101001001111110010010111100100001010111010111110000111
0011101111100000001111110010010111100100001010111010111110000111
