1111010000001100011110010010011100000100000000011001000000010010
1111010000001100011110010010011100000100000000011001000010010010
1111010000001000011110010010011100000100000000011001000010010010
1111010000001000011110010010011100000100000000011001001010010010
1011010000001000011110010010011100000100000000011001001010010010
1011110000001000011110010010011100000100000000011001001010010010
1011110000001000011110010010011100000100000000011001001011010010
1011110000001000011110010010011100000100000000011001001001010010
1011110000001010011110010010011100000100000000011001001001010010
1011110000001010011110010010011100000100000000011001001001110010
1011110000001010011110010010011100000000000000011001001001110010
1011110000001010010110010010011100000000000000011001001001110010
1011110000001010010110010010011100000000000000011001001001010010
1011110000001010010110010011011100000000000000011001001001010010
1011110000001010010110010011011100000000000000011001001001110010
1011110000001010010110010011011100000000001000011001001001110010
1011110000000010010110010011011100000000001000011001001001110010
1011110000001010010110010011011100000000001000011001001001110010
1011110000001010010110110011011100000000001000011001001001110010
1011110000001010010110110011011100000000101000011001001001110010
1011110000001010010110110011011100000000101000011001001000110010
1011110010001010010110110011011100000000101000011001001000110010
1011111010001010010110110011011100000000101000011001001000110010
1011111010011010010110110011011100000000101000011001001000110010
1011111010011010010110110011011100000000101000011001011000110010
1011011010011010010110110011011100000000101000011001011000110010
1011011010011010010110110011011100000000111000011001011000110010
1011011010011010010110110011011100000000111000011001011000110011
1011001010011010010110110011011100000000111000011001011000110011
1011001010011010010110010011011100000000111000011001011000110011
1011001010011010110110010011011100000000111000011001011000110011
1011011010011010110110010011011100000000111000011001011000110011
1011011010011010110110010011011100001000111000011001011000110011
1011011010011010110110010011011100001000111000011011011000110011
1011011010010010110110010011011100001000111000011011011000110011
1011011000010010110110010011011100001000111000011011011000110011
1011011000010010110110010011001100001000111000011011011000110011
1011011000010010110110010011001101001000111000011011011000110011
1011011000010110110110010011001101001000111000011011011000110011
1011011000010110110110011011001101001000111000011011011000110011
1011011000010110110110011011001101001000111000011011011000111011
1011011000010110110110011011001101001100111000011011011000111011
1011001000010110110110011011001101001100111000011011011000111011
1011001000010110110110011011001101001100011000011011011000111011
1011001000010110110110011011001101101100011000011011011000111011
1011001100010110110110011011001101101100011000011011011000111011
1011001100010110110110011011001101101110011000011011011000111011
1011001100010110110110011011001101101110011000011011010000111011
1011001100010110110110011011001101101111011000011011010000111011
1011001100010110110110011011001101101111011000011011010000111010
1011001100010110110110011011001101101111011000011011010000110010
1011001100010010110110011011001101101111011000011011010000110010
1011001100010010110110011011001101101111011000011011000000110010
1011001100010010110110011011001101101111011000011011000000110000
1011001100010010110110011010001101101111011000011011000000110000
1011001100010010110110011010001101101111011000011011010000110000
1011001100010010110110011010001101101111011000011001010000110000
1011001100110010110110011010001101101111011000011001010000110000
1011001000110010110110011010001101101111011000011001010000110000
1011101000110010110110011010001101101111011000011001010000110000
1011101000110010100110011010001101101111011000011001010000110000
1011101000110010100111011010001101101111011000011001010000110000
1011101000110010100111011010001101101111011000111001010000110000
1011101000110010100101011010001101101111011000111001010000110000
1011101000110010100101111010001101101111011000111001010000110000
1011101000110010100101111010001101001111011000111001010000110000
1011101000110010100101111010001101001111011000111001010000100000
1011101000110010100101111010001101001101011000111001010000100000
1011101000110010100111111010001101001101011000111001010000100000
1011101000110010100111111010001100001101011000111001010000100000
1011101000110010100111111010001100001101011000111001010000100010
1011101000110010100111111010001100001101011000111001010010100010
1011101000110010000111111010001100001101011000111001010010100010
1011101000110010000111111010011100001101011000111001010010100010
1011101000110010000111111010011100001101011000111001011010100010
1011101000110010000111111010011100001101011000101001011010100010
1011101000110010000111111010011100001101011000111001011010100010
1011101000110010000111111010011100001101011010111001011010100010
1011101000110010000111111010011100000101011010111001011010100010
1011101000110010000111111010011100000101011010111001011010100000
1011101000110010000111101010011100000101011010111001011010100000
1011101000110010000111101000011100000101011010111001011010100000
1011101000110010000111101000011100000101011010101001011010100000
1011101000110010000111101001011100000101011010101001011010100000
1011101000110010000111101011011100000101011010101001011010100000
1011101000110010000111101111011100000101011010101001011010100000
1011101000110010000111101111011100000101011010101011011010100000
1011101000110010000111101111011100000101011010101011011010100100
1011101000110010000111111111011100000101011010101011011010100100
1011101100110010000111111111011100000101011010101011011010100100
1011101100110010000111111111011110000101011010101011011010100100
1011101100110010000111111111011110000101011010101011011010100000
1011101100110010000111111111011110000101011010101011011010101000
1011101100110010000111101111011110000101011010101011011010101000
1011101100110010000111101111011110001101011010101011011010101000
1011101100110010000111101111011111001101011010101011011010101000
1011101100110010000011101111011111001101011010101011011010101000
1011101100110010000011100111011111001101011010101011011010101000
1011101100110010000011110111011111001101011010101011011010101000
1011101100110010000011110111011111000101011010101011011010101000
