1111010010001100011110010010011100000100000000011000000000010110
1111010010001110011110010010011100000100000000011000010000010110
1111010010001110011110010010001100000000000000011000010000010110
1111010010001110011110010010001100000000000000111001010000010110
1111010010001110011110010010001110001000000000111001010000010110
1111010010001110011110010010011110011000000000111001010000010110
0111000010001110011110010010011110011000000000111001010000010110
0111000010001110011111010010011110011000000000111001000000010110
0111000010001110011111010010011110111000000000111001000001010110
0111000010001110011111000000011110111000000000111001000001010110
0111000010001110011111000000011110111000000010111001000001000110
0111000010001110011111000000111110111000000011111001000001000110
0111000010001110011111000001111110111000000011111001000101000110
0111000010011110011111000001111110111000100011111001000101000110
0111000010011110011111000001011110111100100011111001000101000110
0111010010011110011111000001011110111100100011101001000101000110
0110010010011110011111000001011110111100000011101001000101000110
0110010010011110011111000101011110111100000011101001000101000010
0110010000011110011111000101011110111100010011101001000101000010
0110010000011110011111000101011110011100010011101001000111000010
0110010000011110011111000101011110011100010011101001010101000010
0110010000010110011111000101011110011100010010101001010101000010
0110010010010110011111000101011110011100010010101001010111000010
0110010010010110011111000101010110011100010010101001010111001010
0110011010010110011111000101010110011100010110101001010111001010
0110011010010110011111000101000110011100010110101001010101001010
0100011010010110111111000101000110011100010110101001010101001010
0101011010010110111101000101000110011100010110101001010101001010
0101011010110110111101000101000110001100010110101001010101001010
0111011010110110111101000101000110001100010110101001010111001010
0111011010110110111100000101000111001100010110101001010111001010
0111011010110110111100001101000111001100011110101001010111001010
0111111010110100111100001101000111001100011110101001010111001010
0111111010110100111100001101010111001110011110101001010111001010
0111111011110100111100001101010111001010011110101001010111001010
0111111011111100111100001111010111001010011110101001010111001010
0111111011111100111110001111010111001010011110101001110111001010
0111111111111100111110001111010111101010011110101001110111001010
0011111111111101111110001111010111101010011110101001110111001010
0011111111111101111110001111010111101010011110111001110111011010
1011111111111101111110001111010111101000011110111001110111011010
1011111111111101101110001111011111101000011110111001110111011010
1011111011111101101110001111011111101010011110111001110111011010
1011111011011101101110001111011111101010011110111001100111011010
1011111001011101101110001111011111101010011110111001100111011000
1011111001011101101110001111011111101010011110111001000111111000
1011011001011101101110001111011111101010011110111001000111011000
1001011001011101101110001111011111101010111110111001000111011000
1001011101011101101110001111011111101010111100111001000111011000
1001011101011101101110001101011111111010111100111001000111011000
1001011101011101101110001101011111111110111100111001000111011001
1001011101010101101110001001011111111110111100111001000111011001
1101011101010101101110001001011111111110111100111001000111111001
1101011101010101101110001001011011111110111100111001000111110001
1101011101010101100110001001011011111110111000111001000111110001
1101011101010101100110001001011011111110110000111001000111010001
1101011101010101100110001001010011111110110000110001000111010001
1101011101010101101110001001010011111110100000110001000111010001
1101011101010101101110001001110011111110100000110001000111010101
1101011101010101111110001001110011111110100000110001010111010101
1101011111010101111110001001110011101110100000110001010111010101
1101011111010001111110001001110011101110100000110001010111110101
1101011111010001111110001000110011101110100000100001010111110101
1101011111010001111110001000110001101110100000100001010111110100
1101011111010001111110001000110001101110100010100001110111110100
1101011111010000111110001000110000101110100010100001110111110100
1101011111010000111110001000110000101110100010100000110111110110
1101011101010000111100001000110000101110100010100000110111110110
1101011101010100111100001000110000100110100010100000110111110110
1101011101010100111100001000110000100110100010100010110111110100
1101011101010000111110001000110000100110100010100010110111110100
1111011101010000111110001000110000110110100010100010110111110100
1111011101010000111111001000110000110010100010100010110111110100
1111011101010000111111001000110000110010100010101010110111110000
1111010101010000111111001000111000110010100010101010110111110000
1111010101011000111111001000111010110010100010101010110111110000
1111010101011100111111001000111010110010100010100010110111110000
1111110101011100111111001000111010110010100010100010110110110000
1111110101011110111111001000111010110010100010000010110110110000
1110110101011110111111000000111010110010100010000010110110110000
1110110101011110111111100010111010110010100010000010110110110000
1110110101011110111111100010111010111010100010000010111110110000
1110110101011010111111100010111010111010100010000110111110110000
1110110101011010111011100010111010111010100010000110110110110000
1110110101011010111011100010101010111010100010000010110110110000
1110110101011010111011100010101010111010100010010010100110110000
1110110101011010111011100010101010111010100010010000100110010000
1110110101011010111011101010101010111010100010010000100110010010
1110110101011000111011101010100010111010100010010000100110010010
1110110001011000111011101010100010111010100110010000100110010010
1110110001011000111011101110100010111010100110010000100110010110
1110110011011000111011101110100010111010100110010010100110010110
1110110011011000111011101100100110111010100110010010100110010110
1110110011011000111011101100100110111000100010010010100110010110
1110110011011000111011101101100110111000000010010010100110010110
1110010011011000111011101101100110111000000011010010100110010110
1110010011011100111011101101100110111000000011010010100110010100
1110000011011100111011101101100110111000000010010010100110010100
1110000011010100111011101111100110111000000010010010100110010100
1110000011010100111011101111100010111000000010011010100110010100
