0111111000110110000100000001000001111010100010100011001110110101
0011111000111110000101110011000001111010110010100011011110111001
0111111001010110000000110011000001011010110010110111011110111101
0111010001010011000000110011001001111011110010101101011110111101
0111110101010011000000100011001000111010110110111111011000111101
0011010111110011000000100001001000111010110110111111010101111000
0011010101110011000101100000001000001010110110111111010110010000
0011110011110011000101100000011000010010110110010111000100010000
0011100011010111101100100000111000110010110010000111000100010000
0011000111010111101000000000101001110011100000000111001100010000
0011000110011111101001000000101101110111100001000111001100001011
0011100110001111111001000000101100110111111001000100001100000111
0011100011111111110001000010101100110101110001000100101000000111
0001100111111111010011000010101100100001110001100010101000100111
0011100111111111110011100010100000101001110111100000101000101111
0001101101111111110010100010100000101000110110110001101001100111
0001101101111111110010100010111000101011110110010111110101100111
0001001111111111110011001010101100001011110110010111111101100011
1001001111110110010011000000101100001111110110010111011111100111
1100001111110010000011010000101000001111100111000111011111100101
1000001101110010000001010001101010101111101110010111011110100101
1000001101100010101001011001011010101110101110010011011110100110
1011001101100000100001011101000010000110101110010011011010100110
0011001101100000101111001101000011000110101000010001011000100110
1010001000100010101101001100000001000110001001010001011000100110
1000001011100010100101001100001000010110001001011001010000100111
1001001001000010111101001100001000010110001000011101110000111111
0001011001000011011101001110011000010100001000011101100000011011
0001011011000010011101001011011000010010101100011111101000011011
0001011010000010011111010010011100010010101110011111100000101011
0001111110000110011110110010011001010000101110011111101000101010
0001110100000111111110110010011000001000101111011111101010101011
0001110100010111111100010011101000001000101011011110101010001010
0001111100010111010110010011100000001001101011011101101011001011
0000110100010111010110010111101001001011101011011101100001000010
0001110100010111010110000010101011001001101110011001100001010010
0101111100010101010110001000101011001001101100001101110001011010
0101010100010101100110011000101011001001101110001001100100011010
0101010100000000101110001001101011001101101111001000100101011010
0100110100000001101111001001111011001101101101100000100101010011
0000111100000001101111101011111011001101101101110100000000110011
0000011100100001111111101011111011011101001101110111100000010010
1010011100100100111111101001111010010101001101110011100000100010
0110011100100110101111001001111011010101000101110111100110100010
0110111100110100101111101001111111010101010000111111101110100010
0010110101010101101111101001111011011101011000011101101110100010
0010100101010101101111101000110010010001011100111101101111100011
0010100101010001100010101010110010000001011100101000101111100001
0010100001010101100000101000110011101001011100111100111111100001
0000101001110101101000111000010011111001011100101110111111100101
0000100001110101100001111000100011011001011100001100111111100110
0111100000110101100001101101101011011001011100101100110111100110
1111100000111011100001101101100011011000011101101100110101100011
1111010000110011100001101011100011010010011101111100111101100010
1110010000110001000001100011011011010010011100111100011101101010
1100000000100101000101000010000011010010011100011100011101101010
1100010000100001010100000011100011010010001100011000011101111011
1100110100000111010100001011100011010010001100001100110101111011
0100111110010110010100000011100011110010001000101100111101111011
0010111100010110011000010011100010110010001000011100110101111011
1000111100010110010000010011100000010010011010001000110101111111
1000111100010100000000010011010000010110110010001100010100111111
1000111010010110001001010010010000010110110010000000010000011111
1001101110010010011001010010011000010110110000110000010000011011
1001101110011010011011110010011110010110110011100000010000110011
0001101000011010011011110110001010010110110011100110010000110110
0101111000110110111011110110001010010010111011000110010000110100
0101111100110110101001100110001110010010111001000011010110110100
0101110100110100111001000110000111010010110001100011110110111100
0101010100010110110001001110000111011010100001100010110100111110
0101000100010100110001011110011111010010101011100111110100111110
0101001101000100110001011011011111010010101001001111110101111100
0111101101000100110011011011111010000001101001001111110111111100
0111100101000100010111001010101000000001101011001111111111110100
0111100101000100011101001010101011100000011011001111111001110100
0111100101110100011011011010101001100000111111001110111001110000
0101101101110100000010011010101011101000111111011100111001100000
0111111000010101000010011010101011101000111001011110111001100100
0101111010011100010010011010001011101000101100011110111011100100
0001101010011100010010111110011011101001001100011110111001101101
0001101010011101010110110110011011101101011100010100110011101111
0001101001011101110110111111111010101101011100011100010011101011
0001001011011101110110111111111010100100010100011001011011101110
0001101010010001110101110111111010000100010101011011011011101110
0101101010010001111110110111111010000100010101011000010001111111
0001111010011011111110110101101010001100010101011000110001001111
1001111110011111111110110101001111001100010101011010110101011101
1001111110011110101110111100000111000100010001111010111101011100
1010111100011110101110111000000111000101010001111001111011001100
1000101100011010101110110001000111010000010001111000111001001100
1011101100011010111110110011000011110000000001101100111011001100
1111111110011011111111110010000011110001000001101100011011011000
1011111110111011111011110011000101100001000101001100111011011000
1011110111111111101011110010100101100011000101000100111111011010
1111110101111111111010110010100001101011000001000101111101010010
1111011101111111111011110000101011101011011001000111111101011010
1111011001011000111011110100111011101011001001000101110101011010
1111011101111000111111111100111011001011101011100101110101001011
1111011001011000111111011101111111001011101011100111110011111011
1111111101011100111011011101110111001111101011100111111011010010
