0011100010010010001100100001000001111011000010100111000100010101
0001100011000010001000100001000011111001000010100101000001000101
0001100111000110001010100001010011111101000011110001000000001101
0101100011000110001010100001010011111001011011110000001000001010
0101000011000100011010100001101011110001001111110001001000001010
0101000011000010010010100001101011100001001101010101011000000110
1111000011100011010010110001100011100001000100010001011000010110
0011000011101011100010110001100010101001110100010001011000011110
0111100011101011100010011001100011101000110100010011011001111111
0011100101101011100010011001101001001001101100010011010001111111
0111100101101011100010111011101001011001000100010011011101100111
0101100100101100100010111010101001001001000100010111101101100111
0001100101101100100001111111101011001001000100010111000101100011
0001101001100100100001111011101010001001000001010110010101100111
0011111010100100100001100011101000001001000000010000010101100111
0101111000100100000001100111111010000001000000000000010101100110
0101111001100100100001100110111010011001000010000101010001100111
0101111001100110000011100011111011011001000110000101010001110001
0111101001000110000011101111010011010001010110000001010001110001
0111100001000100000011101101010011010011001110000000000001111000
1111100011001111000011101100010000010011001110000100100001111000
1111100001001111001001011101000010010011001110010110100001111000
1111100001001111001001111100001010010011101101011110100001011011
1011110001011101001001110100001110011011111001011110000001011011
1011000001011111101000110100001110111011111001011100100001110011
0011000001010111101000110100101110100110011001011100110011110011
0001000001000111101000110100101111101110111001011100000010100010
0000000011000110100010110100100111101110111001110100001010100110
0000001011000101110011110100100101101110111001010001001011100110
0001011011000101110010010010100001101110001001010101001011100110
0001011001000111110011110010001001101110001001010001001101100111
0001011001010101111011110110001010101111001100010001001100100111
0001011001010101111011011011000010001101111100010001001100110111
0001011001010111100011011011100010001101110000010000000000100111
0101011001010111110011010011101110011001110000100000000000100110
0101011001110110110011000011111111011000100100100010000000000110
1011010001110110110010001011011111011000100110100011000000000010
1000011001110110110010010011011101011010100101100011100000000010
1000011101010100110111010011101101001010100100100001100000000010
1000111101010100110111011010101111001000101101101001100011000010
1000110100010100110110011011111110011000101101101000100011000111
1001110100010100111010001110111111011100101101001000000011000111
0101110110010100111010101100110100011100101101001000100011010111
0101110010110101111011101000110100011100000101000100101011010111
1101111010110101101011000000100110011100000101000100101001011110
1101111000011101101011101000000110011100010101000000101100011110
0101101001011101101011101101000110011100010100110101101100011110
0101101001111101101001111101000111000110000100110101111100010110
0001101001111001011100111101000111000110000110110101110000000110
0011101001111100011000010001001111010110000110110100110000000110
0010001001111000110000010001001011010110000110110100010000110100
0011000101111001110000011001000011011110000110111100010000111110
0011000100111101110000011001010001010110100110010100010000100110
0011000100111001110100011001110011011111110110010000010010000110
0001000000111001110100001011110110111001110110110000010010000110
0001100000111101110110000011010010001001110110110100010110000110
0001110101111101110110100011011010001100110111110101010111000110
0011110101111111111110100111011000001100110111010101000110001010
0111110101111100111011100111011010001100111110010101000110000000
1111110001111000111011010111011000001101111100010101000100001000
1111100011111001111011111111111100101001111100010101100100001000
1111100000111101101011011111111100101001110100110100100100000001
1110000000111001101010010110011100101001110100110100100111001001
1110010000111010101010010100011100101001110010110110101100001001
1110011000111010101010100101011100101001010010100110101011001011
1110101000111010101010100100011000101001110010110111101010101010
0010111000101110101010100100011010101101110010100111101011100010
0001111010100110101000100000011010101101110110100100001011100010
0000010010100110101000000001111000101100110111100000001011100010
0000010010100110011001000011100110101100010111100000001011101010
0000000111100010111001000010100110101100000111100011001011101000
0000100111100000111000000010110100101100100010100011101011001000
0010111111000000101001000010111100101100100011100011100011011000
0010110111000000111000000010111101100100111010000011100011011001
0010111111000010110000010010111101100001011010000010100011101001
0000111110001010100010010000111001000001010010100010100011101001
1000100100001010100010010000111001101001000110110010100011101101
0000000100010010100011011000111101101001000011110000100011101101
1001000100010010100110011100111111101001010010110000000011101100
0001000100000001100110011110111011100001010010010010000011111100
0001000100000110101110011110111111010001010110010000000011101100
1011000000010111101111011110011011010001010110000100000011101100
0011010000010111101111011110111011110101010000000100000011111001
0011010010010111100111011110111011100101011010101100000111110011
0011000010010101100101010101111011100000011011111100000111110011
0001000010011101110101010010111011100010011011011101000111010011
0001000010011111110101110000010011100000111011011001100111110011
0001001111011110110101100010000011100000101001011001100111110001
0001101111011110110101000010100011100001100010111001100101010001
0001101111011010111111000000100011101001110011110000100101010000
0001100011011000010111011000100011101000110011110001100101010010
0001100011011000010110010000100011101101010000000011100101010010
0001110011011000000110010000100011100101010101011001100001110010
0101110111001000100110010100100011110101010101011001000010100010
0101110111011001110111000100100001110111010101010001100011100010
0111110011001001101111000100100000100111010101100001100111100010
0111110011001001101001000100101000110111010101100011000100010010
0111110010001111001011000100000000100101010101100011000100010011
0111110010101110001001000111000000100101011101100011001100100001
1111110010101010001101010111000000100101011110000011011010100001
