0111101000000110001100110001010001111010000010100011001100010000
0111101000000110001100110001010001011010000010100011001100010100
0111100000000100001100110001010001011010000010100011001100010100
0111100000000100001000110001000001011010000010100011001100010100
0111100000000110001000110001100001011010000010100011001100010100
0111100000000110001000110001100001011011000010100011001100010000
0111100000000110000000110001100001011011000010100011101100010000
0111100000000110000000110001100001011011000010100011001100110000
0111100000000110000000110101100001011011000010100011001100111000
0111100000001110000001110101100001011011000010100011001100111000
0111100000001110100001110101100001011011000010100011001100111001
0111100000001110100001110101100011011011000010100011001100101001
0111100000001110100011110101100011011011000010100011101100101001
0111101000001110100011110111100011011011000010100011101100101001
0111101000001110110011110111100011011011000010100011101100001001
0111101000001110110011110111100011011011000000100001101100001001
0101101000001110110011110111100011011011000000100001101000001001
0100101010001110110011110111100011011011000000100001101000001001
0100101010011110110011110111100011011011000000100001101000001101
0100101010011110110011110111100011011011010000100001101010001101
0100111010011110110011110111100011111011010000100001101010001101
0100111010011110110011110111100011111011010000110001100010001101
0100101011011110110011110111100011111011010000110001100010001101
0100001011011110110011110111100011111011010000010001100010001101
0100001011011111110011110111100011111001010000010001100010001101
0100001011011111100011110111101011111001010000010001100010001101
0100001011011111100111110111101011111001010000010001100010011101
0100001011011111100111110111101011111011010000010011100010011101
0100001011011111100111110111101011111011010000010011100010111100
0100001011011101100111110111101011111011010000010111100010111100
0000001011011101100111110111101011111011010000010111100010111101
0000001011011001100111110111101011111011010000010111101010111101
0000001011001001100111110111101011111011010000010111101010011101
0000001011001001100111100111101011111011010000010111111010011101
0000001011001001100111100111101011111010010001010111111010011101
0000001011001011100111100111101011111010010001000111111010011101
0000011011001011100111100111101011111010010001001111111010011101
0000011010001011100111100111001011111010010001001111111010011101
0000011000001011100111100111001011111010010001001111111010010101
0000011000001010100111100111001011111010010000001111111010010101
0000011000001011100111100111001011101010010000001111111010010101
0000011000001011100111100111001011101110010000001011111010010101
0000011000001011100111100001001011101110010000001011111010010101
0000011000001011100111100001001011111110010000001011011010010101
0000011000001011100110100001000011111110010000001011011010010101
0000011000001011100110101001000011111110010000001001011010010101
0000011000001011100100101001000011111110010000001001011010010100
0010011000001011100100101001000011111110010000001001011000010100
0010011100001011100100101001010011111110010000001001011000010100
0010011100001011100100001001010010111110010000001001011000010100
0010011100000011100100001001010010111110010000001000011000010100
0010011100000011100100001001010010111110010000001000111100010100
0010001100000011100100001001010010111110010000001000011100010100
0010001000000011100100001001010010111110011000001000011100010100
0010001001000011100100001001010010111110011000001000011100110100
0010001001000011100100001011000010111110011000001000011100110100
0010001001000011100100001010000010111110011000001000011000110100
0010101001000011100100001010000010111110011000011000011000110100
0010101001100011100100001010000010111110011000011000011001110100
0010001001100011100100001010010010111110011000011000011001110100
0010001001100010100100001010010010111110011000011000111001110100
0010001001100010100100001010010110111110011000011000111000110100
0010001001100010100100001010010110111110011000011000111010100100
0010001101100010101100001010010110111110011000011000111010100100
0010001101100010101100001010011110111110011000011000111010100000
0110001101100010101100001010011110111110011010011000111010100000
0110001111100010101100001010011110111110011010111000111010100000
1110001111100010101100001010011110111110011010111000111010110000
1110001111110010101100001010011110111110011010110000111010110000
1010001111110010101100001010011110111110011010111000111010110000
1010001101110010101100001010011110111110011010111000101010110000
1010001100110010101100001010011110111110011010110000101010110000
1010001100110000101100001010011110111110011010110000101010110100
1010001100110100101000001010011110111110011010110000101010110100
1010001100110100101000101010011110101110011010110000101010110100
1010011100110100101001101010011110101110011010110000101010110100
1010011101110100111001101010011110101110011010110000101010110100
0010011101110100111001101010011110101100011010110000101010110100
0010011101110100111001101010011111101100011010110000101010010100
0010011101110100111001101010011111101100011010110000001010000100
0010011101110101111001101010011111101100011010110000001010001100
0010011101010101110001101010011111101100011010110000001010001100
0011011101010101110001101010011111101110011010110000001010001100
0011011101010101110001101010011101101110111010110000001010001100
1111011101010101110001101010011101101110111010110000001010001100
1111010111010101110001101010011101101110111010110000001010001100
1111010111010101110001101010111101101110111010110100001010001100
1111001111010101110001101010111101101110111010110100001010001100
1101001111010101110001101010111101101110110010110100001010001100
1101001110010101111001101010111101101110110010110100001010001100
1101001110010101110001101010011101101110110010110100001010001100
1101001110010101110001101010011101001110110010111100001010001100
1001001110010101110001101010011101001110110010110100001010001100
1001001110010101110001101010111101001110110010110100001010101100
1000001110010101110001101010111101001110110010110100001011101100
1000001110010101110001101000111101001110110010110100001011111100
1000001110010101110001101000111101001110110010100000001011111100
1000001110010101110001101010111101001110110011100000001011111100
1000001110000101110011101010111101001110110011100000001011111100
1000001110000101110011101010111101001110010011100001001011111100
