1011010000001100010110011110011100000100000001011000000000010010
1011010001101100011110010010001101010110000000011000000000011010
1011110000101100011110110010011100001101000000010000000001011010
1011010010101101111110011011011100000100000000010100000000011010
1011011000111100111110011010011100010100000000001100000100011010
1011010010101100011110011010111100000101000010011000001000010010
1011010000101000011101011010011100000110000000010000001000111010
1011010000101100011010011010011110000100100010011000000000101010
0011010000101100011110011010001100000100100010011000010000011010
1011010000101000011111011010011111100100110000011010001000111010
1011010000001110111010010010011110100100101000010000001000011010
1011011000101100011010011000101110100100100000011000011000011010
1001000000101100001010001010011110101100100001010000001100011010
1011000000100110011010011010011110100100110001011000001001011110
1011001001100100011010011010011110100100101001011001101000011010
0001001000100100011110011110111110000100100001111000001000011010
0011001000000100101010111010011110100100100001001000001000011010
1011001000000100011011111010011111100100101001011000000000111010
0011001000100000110010111010111110100110100101011100000000011010
0011001000101100111010111110001110100100100100011000000000110010
0011001000100101011000111000011100100101100100011000000000011010
1111111000100100011010111010111110100100000100011000100000111010
0011101001100100111010101010011100100100000100001010000100011010
1011101001100100011000111010011110100100001100011000001001011111
0011101001100100001000011100011110110110000100011000001000011010
0010101001100101011000111010111110110100000000001000000000011010
0011001001100100000000111000010111110100000000011000000000011011
0111110001110110011000111010010100110100000100001000000000011011
0011110100100110011000111010010110010100000100011000000000011011
0011100111100110011000101010010100110100000101011000001000010011
0011100001100110011000010010010100110100100100011100000000011001
0011000100100110011000110000010100110100000100011000000000011111
0011100001110110011001111000010101110100000100011010000000011011
0011100001000110011000110000010111101001000100011000000000011001
0111100000000110011010110000110101110110000101011000000000011010
0010100001000110011000110100110001110111000100011000010000011010
0011100001000010011000110100010111100110000111001000000010011011
0011100001000010001000110100010111111110000110001000100100011011
1001100001001010011000010100010101110110000100011000000100111011
1011100001001010011000110100010101111110001100011001100000011001
0011000001001001001010110100010101110110100110001000000000011001
0011100011001000011100110100010101110110000010000000000000011001
0111100011001010001000110101010110111110000110011101000000011001
0011100011001010001001110100010101110010000110111100000000011001
0011100011001010101000110101100101100110000100011000000000001001
0011110011001010001000110100110101110110000111011000010000111000
0111100011011010001100110100111101110000010110010000000000011001
0011100011011010001000010100110101110111010110011010000100011101
0111100011001010011001110100110101010110000110011000100000011101
0011100011011010001000110110110101100110010110011000000000011101
1111111011001010001000110101110101100110011011011000100000011101
0110001011101010000000110100110101100110011110011001110000011101
0111000010001110000000110000110101100110011110011100100000011101
0111000011001010000001110101110101101110011110011010100100011101
0111000011001010000001110100110101100110011100000000101000011001
1111100010001010011001110100110100100010011111011000100000011101
0101000011001010001001111100110101100011011100011000100000001101
0011000011001010001001110100110101100000010110011000100100011101
0111000011011011101001110100110101000010011110011000101000011101
0110100011001000001011110100110101100110001010011000101000011101
0111001011001010001001011100110101100100011110011000100110011101
0111000011001010001001110100010100000100011110011000111100011101
0111001011001010000001011100011101100110111110011000101000011101
0111000011011010000001010100110101100100011110010000101010001111
0101000110011010000001010100110100110100011110011000001000111101
0111000011010011000001110000110101000100011100011000111000111101
0111000110011011001001010100111101100100011111011000101000011100
0111000011010011000011010100110101100100011011001000100000011100
0111000011011010000000010000110111100100011010011000101000111101
0101000011011010000101010101110101100100011010011000100000011001
0111000110011011000001010101100101100100011000011000101010001011
1111000011011011000001010101110111110101011010011000101010001001
0110000011011011000000010111110101100100011010011000101001001001
0011000011011011010001010101110101100101111110010100001001001001
0111100011011011000001010100110101000001011010010000100011011001
1111000011011111000001010001111111100101011010010000100001001001
0111001111010011001000010001110101100100011010011000100001001001
0011000111010011010001010011111101100101001010010000100011001001
0111000101010011000001010000110011100101011010011000100000001101
1111000101010000000100010001110101110101011010010010100001001001
0011000001010011001001010001110101110101011010010000101001001011
0111000101010001100001011101110101110101011010010010100100101001
0111000101010011100001010101010101110101011000010100100101010000
0111000100010011100001110100010111111101011010010000100001111001
0111000101010011100001000101010101110101011010011000100000010011
0111000101111011100001010101010101100101011010010010100001011001
0101000101011010100001010101010111111101000010010001100001001001
0101000101011111000001110101010111110101011010111000000001011011
0101101001011111100001010101010111110101011010010000000011010011
0101001101011111100001010101011111110101011010010000100001010101
0010001101001110101001010111010111110101011010010000100011011001
0001001101001111100001010111010011110101111011010000111011011001
0000001101010110101001010101010111110101011010010000111001011000
0011001101011111100001010111010111110001011010111100101001011000
0001001101011111110101010111010010110001011010010100101011011001
0001001101011111101010010111010110110011011010010010101010011000
0101001101011111010001110111000111110001011110011000101010011000
0001001101111010110001010101010111110001111010010000100010011001
0110001001011110110001010111010111110001010010010000101110111000
0011001101011110010001010101010111100001011010011000101010001000
