1011010000001100011110010010011100000100000000011000000000010010
1011010000101100011110010010011100000100000000011000000000010010
1011010000101100011110010010011100000100000000011000000000011010
1011010000101100011110010010011100000100000000011100000000011010
1011010000101100011110011010011100000100000000011100000000011010
1011010000101100011110011010011100000100000000011000000000011010
1011010000101100011110011010011100000100000000011000001000011010
1011010000101100011110011010011100000100100000011000001000011010
1011010000101100011110011010011110000100100000011000001000011010
1011010000101100011110011010011110100100100000011000001000011010
1011010000101100011010011010011110100100100000011000001000011010
1011010000101100011010011010011110100100100001011000001000011010
1011000000101100011010011010011110100100100001011000001000011010
1011000000100100011010011010011110100100100001011000001000011010
1011001000100100011010011010011110100100100001011000001000011010
0011001000100100011010011010011110100100100001011000001000011010
0011001000100100011010111010011110100100100001011000001000011010
0011001000100100011010111010011110100100100001011000000000011010
0011001000100100011010111010011110100100100101011000000000011010
0011001000100100011010111010011110100100100100011000000000011010
0011101000100100011010111010011110100100100100011000000000011010
0011101000100100011010111010011110100100000100011000000000011010
0011101001100100011010111010011110100100000100011000000000011010
0011101001100100011000111010011110100100000100011000000000011010
0011101001100100011000111010011110110100000100011000000000011010
0011101001100100011000111010010110110100000100011000000000011010
0011101001100100011000111010010110110100000100011000000000011011
0011100001100100011000111010010110110100000100011000000000011011
0011100001100110011000111010010110110100000100011000000000011011
0011100001100110011000111010010100110100000100011000000000011011
0011100001100110011000110010010100110100000100011000000000011011
0011100001100110011000110000010100110100000100011000000000011011
0011100001100110011000110000010101110100000100011000000000011011
0011100001000110011000110000010101110100000100011000000000011011
0011100001000110011000110000010101110110000100011000000000011011
0011100001000110011000110100010101110110000100011000000000011011
0011100001000010011000110100010101110110000100011000000000011011
0011100001000010001000110100010101110110000100011000000000011011
0011100001001010001000110100010101110110000100011000000000011011
0011100001001010001000110100010101110110000100011000000000011001
0011100001001010001000110100010101110110000110011000000000011001
0011100011001010001000110100010101110110000110011000000000011001
0011100011001010001000110100010100110110000110011000000000011001
0011100011001010001000110100010101110110000110011000000000011001
0011100011001010001000110100110101110110000110011000000000011001
0011100011001010001000110100110101110110010110011000000000011001
0111100011001010001000110100110101110110010110011000000000011001
0111100011001010001000110100110101110110010110011000000000011101
0111100011001010001000110100110101110110010110011000100000011101
0111100011001010001000110100110101100110010110011000100000011101
0111100011001010001000110100110101100110011110011000100000011101
0111000011001010001000110100110101100110011110011000100000011101
0111000011001010000000110100110101100110011110011000100000011101
0111000011001010000001110100110101100110011110011000100000011101
0111000011001010000001110100110101100010011110011000100000011101
0111000011001010001001110100110101100010011110011000100000011101
0111000011001010001001110101110101100010011110011000100000011101
0111000011001010001001110100110101100010011110011000100000011101
0111000011001010001001110100110101100110011110011000100000011101
0111000011001010001001110100110101100110011110011000101000011101
0111000011001010001001010100110101100110011110011000101000011101
0111000011001010001001010100110101100100011110011000101000011101
0111000011001010000001010100110101100100011110011000101000011101
0111000011011010000001010100110101100100011110011000101000011101
0111000011011010000001010100110101100100011110011000101000111101
0111000011011011000001010100110101100100011110011000101000111101
0111000011011011000001010100110101100100011110011000101000011101
0111000011011011000001010100110101100100011010011000101000011101
0111000011011011000001010100110101100100011010011000101000011001
0111000011011011000001010100110101100100011010011000101000001001
0111000011011011000001010101110101100100011010011000101000001001
0111000011011011000001010101110101100101011010011000101000001001
0111000011011011000001010101110101100101011010011000101001001001
0111000011011011000001010101110101100101011010010000101001001001
0111000011011011000001010101110101100101011010010000100001001001
0111000011011011000001010001110101100101011010010000100001001001
0111000111011011000001010001110101100101011010010000100001001001
0111000111010011000001010001110101100101011010010000100001001001
0111000101010011000001010001110101100101011010010000100001001001
0111000101010011000001010001110101110101011010010000100001001001
0111000101010011100001010001110101110101011010010000100001001001
0111000101010011100001010101110101110101011010010000100001001001
0111000101010011100001010101110101110101011010010000100001011001
0111000101010011100001010101010101110101011010010000100001011001
0101000101010011100001010101010101110101011010010000100001011001
0101000101011011100001010101010101110101011010010000100001011001
0101000101011011100001010101010111110101011010010000100001011001
0101000101011111100001010101010111110101011010010000100001011001
0101001101011111100001010101010111110101011010010000100001011001
0101001101011111100001010111010111110101011010010000100001011001
0001001101011111100001010111010111110101011010010000100001011001
0001001101011111100001010111010111110101011010010000101001011001
0001001101011111100001010111010111110101011010010000101001011000
0001001101011111100001010111010111110001011010010000101001011000
0001001101011111100001010111010111110001011010010000101011011000
0001001101011111100001010111010111110001011010010000101010011000
0001001101011111110001010111010111110001011010010000101010011000
0001001101011110110001010111010111110001011010010000101010011000
0011001101011110110001010111010111110001011010010000101010011000
0011101101011110110001010111010111110001011010010000101010011000
