1011110011111110011100010100011100010101000001011000000000000010
1011110000001110110110010010011011010100000100011000011100010010
1001000000001100010110110000011110000100111000011010100101010010
0011011000100000111010100011011100000100010000011100100010011011
0111000000101101010110011010011101000100100001011110001000000110
1011111010101100111110011010010101010110000010010000000000111010
1111010100101100111110001000001110000000000000111000001000111011
0011110000011000011100011011011110000100110010011000100001001000
0111110000100101111000011011010110000100101100111010000000011010
1001000010100110000111011111011010100100110001011010001000001010
1011010010100100001010010111011110100100110011011000001000000010
1011010101100100011000001010011110011100110001111110000000011010
1011100100011010010010011010011010100100000101011100001000000010
1011110100110100010011111011011110100100000001000010000010011000
1001001011000100011000111010111110000101100001011001101101011010
0110001010000100011010011010011010000110100001011000101100011010
0011100100111100111010110010011111101101000001011000011100011010
0011001000010100010010110010011110101110110011001000000000000010
0111001001100100000010101011011000000001100101011001000010011010
0011101000001100011111111110011110000100101100010000000000101010
0001101001101100111010111010010110110000010110101100000000011010
1011101001100100111011110010101110100000001010011100100100011011
0011101001100010010100111110010110100110001100010000000010011010
0011111001101100001000011010001110110100100101111010001000111110
0011100001100100111001101010011110010100010100011101001100001010
1111101001100110011001111010011101010100100001011000001110011000
1011101100100100100011011010010111110100000100011000000000011111
0011100001100100001000001010010110110100001001111000100100011011
0011000001000100010001110010011110010101010001111000000000011011
0001000001101110011010010010000101010100000100011001000000011010
1011100111100110011100011000010100100000000101010000100000111011
0101100000101100010000110000010000010100001100011111000100011011
0101100001101000111000100000010101000100000100011000100000011111
0011100101001110011001110011010101100111000110010001100100011011
0100010001001110011001110010111101110110000100111000010000011001
1011100001000010111100010100010011111110110110011010000011011001
0001100001000011101100111100010101110111110000011000100100111110
0111100001000010001010100100011000100100000000011100111000011011
0011110001001010001000110110010011100010010100010110000000111011
0111100001011001001000101100010110100110100110011100000010010101
0011011001001010011010000110010101101110000110111100001000010000
0011100011011010001000010101010101010110010100011010000000001101
0000000011000010001010110100001100100011100100011010000110011001
0000000011000010000001110100010100110101000110001100100010011001
0001111011000010111000111100110101110110000110001100000010001001
0011000111100000001001110110100100110100010110011000000000011000
0110110010001110010000110100110001110111011110011010000000011000
1111110011000000001000100001110101110110010111010001001000011101
0111000100010010001101111100110111010111011100011001100000011101
1000100011001010001010110100110101100010110110001100100100011111
0011100111101110101000111100110001100100010010001001100011001101
1111000111000000001100111010110101100110001110001000110000011000
0110001111100001000000110101110100100110101111011000100000011111
0111000110001010000001010100110101100110011100010001100000111101
0011001111010010100010110100000111100011011110011000010000010101
1011001011000100000001000000110101010010101110011010100000011101
0001000011001010101001110101100101110100001110011000100000011111
0111000001001011011001010100010101100010001110011001010110011101
0111000010110010010001110000111101100110001110011000000101011100
0111011111001010001000110000100111110110111110010010101000011101
0111000010011010011000110000000101100000111110001000100000001001
0110010011100100001011110101010101100100011110011000101100011110
0111100111001011000001011100100101110101010100011101101000001100
0111000101110000100001110100010101100101010010011001101010011110
0110100011011000000001010100010101110110011110001001100100101101
1110000010011010010001110001110111000100011110011101100000110111
0100100011010011100000110100110111100100111010011000101000011111
1011100110001011001101010100110101100100111111011000101101101101
1010000011010011000001010100100101101110011010001000101000011101
0111001011001011000001010100010101101101110010001000101000000001
1111001001011011000010111101010101011110011100011100101000001001
0111100111011001000001000001110111101101011010011010100000001100
0110100111010011100101000001110101100100000010001000111001011000
1101000011001011001001010111011101100001011010000100101001001101
0110010111111011000001110101110100100101110010001100000101000101
0110000011011011000001010001110001000101001000010001000001110000
0011100111011111100001010101110101100111010111000001000001000001
0111010111010011000000010011110101100001011010010010110010101001
0011000101110111110000010001110101110001111010011000100101000011
0101001111010011001000011001110101000011011010110001110011101001
0111000101110010100001010001110100011101101110010100000001011001
0111001101000000101001010100111111110101011011010000000001000001
0101000111001010110011010110110101100101011011010000100101001111
0010000011010101101101110101000101110100011010010000101101001000
1111000101000011101001010101011100111111011010010000111011011111
0101000101010011100000010101010111110101011000001000010011010101
0001000100011110100001010101010111100101110011110110100001001011
1101000001101100000001001111110111110101011000010000100001001001
1001001101001111110001110101110111010011011010010000101010111001
0110011101001111000001000011010111100100011010110010100011001001
0001001000011110110001000111010010111101010010010110100011010001
0001100101001111101001010111010111110101101101001000101100001101
0001001100001111100111010111000110110101010010010010001101111000
0001000001011111100001110111000111111101001011101000101001011000
1101001100101110000011010011010110110001111011000000101011110000
0001001111111011100010010111011111110001101001010000101010001101
1001011001011111010100011011010010110001001011010110001010011000
0001001001010110100000111111010111100011111110111100101110001000
0010001100011110110000000111011110110100011010010010011011011100
0111111101111110010001001010010111110001010000010001101100101000
